Time &Domain0 &Domain1 &Domain2 &Domain3
24.5108670589 0.51446945 0.2347103682 0 0.2508201819
25.113931618 0.51446945 0.2347103682 0 0.2508201819
26.0022671692 0.51446945 0.2347103682 0 0.2508201819
27.0453176163 0.51446945 0.2347103682 0 0.2508201819
28.3605887351 0.51446945 0.2347103682 0 0.2508201819
29.1162855258 0.51446945 0.2347103682 0 0.2508201819
30.0359406447 0.51446945 0.2347103682 0 0.2508201819
31.039560722 0.51446945 0.2347103682 0 0.2508201819
32.0669164073 0.51446945 0.2347103682 0 0.2508201819
33.0184190061 0.51446945 0.2347103682 0 0.2508201819
34.0892425795 0.51446945 0.2347103682 0 0.2508201819
35.0542620938 0.51446945 0.2347103682 0 0.2508201819
36.0398637426 0.51446945 0.2347103682 0 0.2508201819
37.1299914874 0.51446945 0.2347103682 0 0.2508201819
38.1521747918 0.51446945 0.2347103682 0 0.2508201819
39.0907624564 0.51446945 0.2347103682 0 0.2508201819
40.0797645095 0.51446945 0.2347103682 0 0.2508201819
41.0111424943 0.51446945 0.2347103682 0 0.2508201819
42.0169382218 0.51446945 0.2347103682 0 0.2508201819
43.0660536982 0.51446945 0.2347103682 0 0.2508201819
44.1159275876 0.51446945 0.2347103682 0 0.2508201819
45.0663389797 0.51446945 0.2347103682 0 0.2508201819
46.1532451724 0.51446945 0.2347103682 0 0.2508201819
47.1112115977 0.51446945 0.2347103682 0 0.2508201819
48.0636117363 0.7643713551 0.113905265 0 0.1217233798
49.037401369 0.7643713551 0.113905265 0 0.1217233798
50.0450907712 0.7643713551 0.113905265 0 0.1217233798
51.002936962 0.7643713551 0.113905265 0 0.1217233798
52.1842240683 0.783288777 0.1047603924 0 0.1119508306
53.1038137625 0.783288777 0.1047603924 0 0.1119508306
54.1832836816 0.783288777 0.1047603924 0 0.1119508306
55.0925183785 0.783288777 0.1047603924 0 0.1119508306
56.2100922515 0.7972653166 0.0980039921 0 0.1047306913
57.115549681 0.7972653166 0.0980039921 0 0.1047306913
58.1419388005 0.7608674363 0.1391831856 0 0.0999493781
59.0340272208 0.7608674363 0.1391831856 0 0.0999493781
60.045554319 0.7608674363 0.1391831856 0 0.0999493781
61.0319787439 0.7608674363 0.1391831856 0 0.0999493781
62.0195706431 0.7608674363 0.1391831856 0 0.0999493781
63.0785467408 0.7608674363 0.1391831856 0 0.0999493781
64.2862986227 0.7830691912 0.1262610184 0 0.0906697904
65.1581027303 0.7830691912 0.1262610184 0 0.0906697904
66.1099170607 0.7539869848 0.1215718427 0 0.1244411725
67.0019806986 0.7539869848 0.1215718427 0 0.1244411725
68.1577845712 0.7539869848 0.1215718427 0 0.1244411725
69.173920669 0.7539869848 0.1215718427 0 0.1244411725
70.0524734126 0.7539869848 0.1215718427 0 0.1244411725
71.0527879412 0.7539869848 0.1215718427 0 0.1244411725
72.0745393686 0.7539869848 0.1215718427 0 0.1244411725
73.0135704872 0.7539869848 0.1215718427 0 0.1244411725
74.0474126461 0.7539869848 0.1215718427 0 0.1244411725
75.022813568 0.7539869848 0.1215718427 0 0.1244411725
76.3166340699 0.7539869848 0.1215718427 0 0.1244411725
77.0647194382 0.7888480072 0.1043446293 0 0.1068073636
78.1838546356 0.7888480072 0.1043446293 0 0.1068073636
79.2868241486 0.7888480072 0.1043446293 0 0.1068073636
80.0793182482 0.7578370384 0.1395543788 0 0.1026085828
81.0912731087 0.7493298142 0.1379409408 0 0.112729245
82.0077401058 0.7493298142 0.1379409408 0 0.112729245
83.0076822267 0.733200756 0.1564964559 0 0.1103027881
85.0083615104 0.733200756 0.1564964559 0 0.1103027881
86.1267819396 0.733200756 0.1564964559 0 0.1103027881
87.0026382383 0.733200756 0.1564964559 0 0.1103027881
88.2751710328 0.733200756 0.1564964559 0 0.1103027881
89.055500547 0.733200756 0.1564964559 0 0.1103027881
90.0442346734 0.733200756 0.1564964559 0 0.1103027881
91.0356527118 0.733200756 0.1564964559 0 0.1103027881
92.0743100195 0.733200756 0.1564964559 0 0.1103027881
93.000954552 0.733200756 0.1564964559 0 0.1103027881
94.025144 0.6494839375 0.2528076402 0 0.0977084223
95.1589056084 0.6414637461 0.26203439 0 0.096501864
96.239491705 0.6414637461 0.26203439 0 0.096501864
97.0893168671 0.6414637461 0.26203439 0 0.096501864
98.1362682577 0.6414637461 0.26203439 0 0.096501864
99.0593743514 0.6150882434 0.2923778256 0 0.092533931
100.5608719038 0.6087252178 0.2996981054 0 0.0915766768
101.0536207087 0.6087252178 0.2996981054 0 0.0915766768
102.0188438357 0.6087252178 0.2996981054 0 0.0915766768
103.205446243 0.6087252178 0.2996981054 0 0.0915766768
104.0095469966 0.6087252178 0.2996981054 0 0.0915766768
105.0274287844 0.6087252178 0.2996981054 0 0.0915766768
106.0257282447 0.6087252178 0.2996981054 0 0.0915766768
107.009351859 0.6087252178 0.2996981054 0 0.0915766768
108.2800414827 0.5625900623 0.2769840494 0.0757897885 0.0846360999
109.1358015086 0.5625900623 0.2769840494 0.0757897885 0.0846360999
110.1441045112 0.5625900623 0.2769840494 0.0757897885 0.0846360999
111.0206690173 0.5625900623 0.2769840494 0.0757897885 0.0846360999
112.1460355706 0.5625900623 0.2769840494 0.0757897885 0.0846360999
113.1056173085 0.5625900623 0.2769840494 0.0757897885 0.0846360999
114.1382877566 0.5625900623 0.2769840494 0.0757897885 0.0846360999
115.0838906788 0.5625900623 0.2769840494 0.0757897885 0.0846360999
116.031240551 0.5625900623 0.2769840494 0.0757897885 0.0846360999
117.1158823663 0.5942997411 0.2569043153 0.0702954692 0.0785004744
118.2443353347 0.5942997411 0.2569043153 0.0702954692 0.0785004744
119.0533333796 0.5826653778 0.271451596 0.0689193235 0.0769637027
120.0663545789 0.5826653778 0.271451596 0.0689193235 0.0769637027
121.1123710558 0.5826653778 0.271451596 0.0689193235 0.0769637027
122.1022559391 0.5826653778 0.271451596 0.0689193235 0.0769637027
123.0321127729 0.5826653778 0.271451596 0.0689193235 0.0769637027
124.2136906395 0.5826653778 0.271451596 0.0689193235 0.0769637027
125.0487792915 0.5549884893 0.2585575133 0.0656456222 0.1208083752
126.2637380307 0.5549884893 0.2585575133 0.0656456222 0.1208083752
127.5809479954 0.5549884893 0.2585575133 0.0656456222 0.1208083752
128.1369982136 0.5549884893 0.2585575133 0.0656456222 0.1208083752
129.0506101452 0.5549884893 0.2585575133 0.0656456222 0.1208083752
130.5093918245 0.5285540823 0.2462422767 0.1101494351 0.1150542059
131.4133168796 0.5285540823 0.2462422767 0.1101494351 0.1150542059
132.0683702068 0.5285540823 0.2462422767 0.1101494351 0.1150542059
133.1693978473 0.5285540823 0.2462422767 0.1101494351 0.1150542059
134.1786544335 0.5285540823 0.2462422767 0.1101494351 0.1150542059
135.0017623072 0.5285540823 0.2462422767 0.1101494351 0.1150542059
136.035570169 0.5285540823 0.2462422767 0.1101494351 0.1150542059
137.0269015614 0.5285540823 0.2462422767 0.1101494351 0.1150542059
138.218922346 0.5285540823 0.2462422767 0.1101494351 0.1150542059
139.2883390008 0.5285540823 0.2462422767 0.1101494351 0.1150542059
140.0851807175 0.5285540823 0.2462422767 0.1101494351 0.1150542059
141.2289883204 0.5285540823 0.2462422767 0.1101494351 0.1150542059
142.033926635 0.5285540823 0.2462422767 0.1101494351 0.1150542059
143.1006542353 0.5285540823 0.2462422767 0.1101494351 0.1150542059
144.0014105413 0.5285540823 0.2462422767 0.1101494351 0.1150542059
145.0000751995 0.4776683467 0.2225356783 0.1958184368 0.1039775382
146.2200440092 0.4776683467 0.2225356783 0.1958184368 0.1039775382
147.0016807084 0.4776683467 0.2225356783 0.1958184368 0.1039775382
148.0520846564 0.4687505833 0.2183810791 0.2108319937 0.1020363439
149.4049284967 0.4687505833 0.2183810791 0.2108319937 0.1020363439
150.1868332846 0.4600947187 0.214348493 0.2069388077 0.1186179805
151.0032231932 0.4600947187 0.214348493 0.2069388077 0.1186179805
152.0185841704 0.4600947187 0.214348493 0.2069388077 0.1186179805
153.1112897307 0.4600947187 0.214348493 0.2069388077 0.1186179805
154.059059814 0.4600947187 0.214348493 0.2069388077 0.1186179805
155.0242845768 0.4600947187 0.214348493 0.2069388077 0.1186179805
156.0419872174 0.4600947187 0.214348493 0.2069388077 0.1186179805
157.0144290585 0.4600947187 0.214348493 0.2069388077 0.1186179805
158.2039132607 0.4600947187 0.214348493 0.2069388077 0.1186179805
159.0732674508 0.4600947187 0.214348493 0.2069388077 0.1186179805
160.0647011339 0.4600947187 0.214348493 0.2069388077 0.1186179805
161.0810689301 0.4600947187 0.214348493 0.2069388077 0.1186179805
162.1126686063 0.4268140307 0.1988437176 0.1919700076 0.1823722441
163.0983001769 0.4268140307 0.1988437176 0.1919700076 0.1823722441
164.1119341078 0.4268140307 0.1988437176 0.1919700076 0.1823722441
165.231821308 0.4268140307 0.1988437176 0.1919700076 0.1823722441
166.0274507017 0.4268140307 0.1988437176 0.1919700076 0.1823722441
167.4882076642 0.4268140307 0.1988437176 0.1919700076 0.1823722441
168.0412615301 0.4268140307 0.1988437176 0.1919700076 0.1823722441
169.009531769 0.4098663255 0.2306556064 0.1843473644 0.1751307037
170.0189768171 0.4098663255 0.2306556064 0.1843473644 0.1751307037
171.2421410124 0.4041000483 0.2414792647 0.1817538407 0.1726668463
172.0472661247 0.4041000483 0.2414792647 0.1817538407 0.1726668463
173.1739253852 0.4041000483 0.2414792647 0.1817538407 0.1726668463
174.074085576 0.4041000483 0.2414792647 0.1817538407 0.1726668463
175.0075034393 0.4041000483 0.2414792647 0.1817538407 0.1726668463
176.0547606293 0.4041000483 0.2414792647 0.1817538407 0.1726668463
177.1209014486 0.4041000483 0.2414792647 0.1817538407 0.1726668463
178.3730944094 0.3863292306 0.2748361866 0.1737609825 0.1650736003
179.0003261563 0.3863292306 0.2748361866 0.1737609825 0.1650736003
180.0747954633 0.3863292306 0.2748361866 0.1737609825 0.1650736003
181.0372901413 0.3806324844 0.2855293309 0.1711987321 0.1626394526
182.1949018803 0.3806324844 0.2855293309 0.1711987321 0.1626394526
183.06273932 0.3806324844 0.2855293309 0.1711987321 0.1626394526
184.109887955 0.3806324844 0.2855293309 0.1711987321 0.1626394526
185.2479808048 0.372627155 0.2795241778 0.1675981403 0.1802505269
186.120870717 0.3710122342 0.2826466326 0.1668717903 0.179469343
187.1303165728 0.3710122342 0.2826466326 0.1668717903 0.179469343
188.0188610915 0.3677618477 0.2889312654 0.1654098498 0.1778970371
189.1475845131 0.3677618477 0.2889312654 0.1654098498 0.1778970371
190.0032936526 0.3677618477 0.2889312654 0.1654098498 0.1778970371
191.0475915937 0.3677618477 0.2889312654 0.1654098498 0.1778970371
192.0657184124 0.3677618477 0.2889312654 0.1654098498 0.1778970371
193.6122047657 0.3677618477 0.2889312654 0.1654098498 0.1778970371
194.0122831501 0.3677618477 0.2889312654 0.1654098498 0.1778970371
195.0304349714 0.3677618477 0.2889312654 0.1654098498 0.1778970371
196.0206555687 0.3525566 0.2769852969 0.1999162839 0.1705418192
197.0730421157 0.3525566 0.2769852969 0.1999162839 0.1705418192
198.0851752107 0.3525566 0.2769852969 0.1999162839 0.1705418192
199.0568272877 0.3525566 0.2769852969 0.1999162839 0.1705418192
200.1990809421 0.3525566 0.2769852969 0.1999162839 0.1705418192
201.0865517892 0.3525566 0.2769852969 0.1999162839 0.1705418192
202.0958507126 0.3525566 0.2769852969 0.1999162839 0.1705418192
203.0012580496 0.3406424772 0.301418497 0.1931604122 0.1647786136
204.2053133857 0.3406424772 0.301418497 0.1931604122 0.1647786136
205.0035467985 0.3406424772 0.301418497 0.1931604122 0.1647786136
206.0164492577 0.3406424772 0.301418497 0.1931604122 0.1647786136
207.1782061266 0.3406424772 0.301418497 0.1931604122 0.1647786136
208.3389489995 0.3406424772 0.301418497 0.1931604122 0.1647786136
209.1315775196 0.3406424772 0.301418497 0.1931604122 0.1647786136
210.0806538546 0.3406424772 0.301418497 0.1931604122 0.1647786136
211.0903348112 0.3406424772 0.301418497 0.1931604122 0.1647786136
212.0293418831 0.3247052502 0.2873163949 0.2287814061 0.1591969488
213.014139676 0.3247052502 0.2873163949 0.2287814061 0.1591969488
214.1316753742 0.3247052502 0.2873163949 0.2287814061 0.1591969488
215.0447855409 0.3247052502 0.2873163949 0.2287814061 0.1591969488
216.142166213 0.3247052502 0.2873163949 0.2287814061 0.1591969488
217.129030536 0.3247052502 0.2873163949 0.2287814061 0.1591969488
218.068117815 0.3247052502 0.2873163949 0.2287814061 0.1591969488
219.3217409499 0.3247052502 0.2873163949 0.2287814061 0.1591969488
220.0056266019 0.3247052502 0.2873163949 0.2287814061 0.1591969488
221.0852808393 0.3247052502 0.2873163949 0.2287814061 0.1591969488
222.2601794945 0.3247052502 0.2873163949 0.2287814061 0.1591969488
223.1203849309 0.3247052502 0.2873163949 0.2287814061 0.1591969488
224.052519735 0.3247052502 0.2873163949 0.2287814061 0.1591969488
225.083541392 0.3247052502 0.2873163949 0.2287814061 0.1591969488
226.1139719 0.3247052502 0.2873163949 0.2287814061 0.1591969488
227.1296598302 0.3247052502 0.2873163949 0.2287814061 0.1591969488
228.1257515363 0.3027702836 0.3354606461 0.213326428 0.1484426424
229.1129921506 0.3027702836 0.3354606461 0.213326428 0.1484426424
230.1119325314 0.3027702836 0.3354606461 0.213326428 0.1484426424
231.2613884625 0.3027702836 0.3354606461 0.213326428 0.1484426424
232.1521989446 0.3027702836 0.3354606461 0.213326428 0.1484426424
233.1455469686 0.3027702836 0.3354606461 0.213326428 0.1484426424
234.1264542133 0.3027702836 0.3354606461 0.213326428 0.1484426424
235.02354162 0.3027702836 0.3354606461 0.213326428 0.1484426424
236.1072669904 0.3027702836 0.3354606461 0.213326428 0.1484426424
237.0660359355 0.3027702836 0.3354606461 0.213326428 0.1484426424
238.0252509408 0.3027702836 0.3354606461 0.213326428 0.1484426424
239.1099611168 0.3027702836 0.3354606461 0.213326428 0.1484426424
240.0252958237 0.3027702836 0.3354606461 0.213326428 0.1484426424
241.1117418582 0.3027702836 0.3354606461 0.213326428 0.1484426424
242.3275696192 0.3027702836 0.3354606461 0.213326428 0.1484426424
243.0817033011 0.3027702836 0.3354606461 0.213326428 0.1484426424
244.0164115592 0.3027702836 0.3354606461 0.213326428 0.1484426424
245.1703259268 0.3520671797 0.3117422528 0.1982434066 0.137947161
246.1815496566 0.3520671797 0.3117422528 0.1982434066 0.137947161
247.015970339 0.3496333887 0.3095872223 0.1968729778 0.1439064112
248.0983304941 0.3496333887 0.3095872223 0.1968729778 0.1439064112
249.0322251538 0.3496333887 0.3095872223 0.1968729778 0.1439064112
250.0644420434 0.3456540221 0.3060636428 0.2060138005 0.1422685346
251.0449908753 0.3439961286 0.3093920361 0.2050256768 0.1415861584
252.006829923 0.3439961286 0.3093920361 0.2050256768 0.1415861584
253.0298034377 0.3439961286 0.3093920361 0.2050256768 0.1415861584
254.0267077824 0.3439961286 0.3093920361 0.2050256768 0.1415861584
255.1209338273 0.3439961286 0.3093920361 0.2050256768 0.1415861584
256.0338867584 0.3439961286 0.3093920361 0.2050256768 0.1415861584
257.2299561708 0.3439961286 0.3093920361 0.2050256768 0.1415861584
258.1060569367 0.3336951614 0.3001272887 0.2288311902 0.1373463596
259.1926987122 0.3336951614 0.3001272887 0.2288311902 0.1373463596
260.6138376223 0.3336951614 0.3001272887 0.2288311902 0.1373463596
261.0225907147 0.3336951614 0.3001272887 0.2288311902 0.1373463596
262.0538019887 0.3336951614 0.3001272887 0.2288311902 0.1373463596
263.1982666983 0.3336951614 0.3001272887 0.2288311902 0.1373463596
264.0241656852 0.3336951614 0.3001272887 0.2288311902 0.1373463596
265.0836236537 0.3336951614 0.3001272887 0.2288311902 0.1373463596
266.1444205236 0.3238811925 0.320710533 0.2221012689 0.1333070056
267.0000601929 0.3238811925 0.320710533 0.2221012689 0.1333070056
268.1012636098 0.3221451739 0.3189915092 0.2262708433 0.1325924736
269.0990577754 0.3221451739 0.3189915092 0.2262708433 0.1325924736
270.0478716721 0.3221451739 0.3189915092 0.2262708433 0.1325924736
271.0025463205 0.3177445309 0.3146339466 0.2231798853 0.1444416371
272.1357335689 0.3177445309 0.3146339466 0.2231798853 0.1444416371
273.2317875737 0.3177445309 0.3146339466 0.2231798853 0.1444416371
274.036886901 0.3150327627 0.3119487255 0.2212751724 0.1517433393
275.1688761589 0.3150327627 0.3119487255 0.2212751724 0.1517433393
276.1233871094 0.3150327627 0.3119487255 0.2212751724 0.1517433393
277.0764045291 0.3150327627 0.3119487255 0.2212751724 0.1517433393
278.039381367 0.3150327627 0.3119487255 0.2212751724 0.1517433393
279.0253740825 0.309287181 0.3062593906 0.235477591 0.1489758375
280.0678561622 0.3076904718 0.3046783125 0.2394244729 0.1482067429
281.0367321023 0.3076904718 0.3046783125 0.2394244729 0.1482067429
282.0671576578 0.3076904718 0.3046783125 0.2394244729 0.1482067429
283.2680362369 0.3076904718 0.3046783125 0.2394244729 0.1482067429
284.0815688748 0.3076904718 0.3046783125 0.2394244729 0.1482067429
285.0748585315 0.3076904718 0.3046783125 0.2394244729 0.1482067429
286.3161568281 0.3076904718 0.3046783125 0.2394244729 0.1482067429
287.1284239992 0.3076904718 0.3046783125 0.2394244729 0.1482067429
288.1130684937 0.3076904718 0.3046783125 0.2394244729 0.1482067429
289.0479970576 0.3076904718 0.3046783125 0.2394244729 0.1482067429
290.0093420461 0.3076904718 0.3046783125 0.2394244729 0.1482067429
291.0095283495 0.3325338386 0.2937450019 0.2308327812 0.1428883783
292.0740185604 0.3325338386 0.2937450019 0.2308327812 0.1428883783
293.0677795637 0.3325338386 0.2937450019 0.2308327812 0.1428883783
294.0785367963 0.3325338386 0.2937450019 0.2308327812 0.1428883783
295.0907810071 0.3325338386 0.2937450019 0.2308327812 0.1428883783
296.0562530236 0.3325338386 0.2937450019 0.2308327812 0.1428883783
297.1734875176 0.3325338386 0.2937450019 0.2308327812 0.1428883783
298.0048034138 0.3325338386 0.2937450019 0.2308327812 0.1428883783
299.1288910478 0.3325338386 0.2937450019 0.2308327812 0.1428883783
300.481808774 0.3325338386 0.2937450019 0.2308327812 0.1428883783
301.0842863078 0.3325338386 0.2937450019 0.2308327812 0.1428883783
302.1314101696 0.3325338386 0.2937450019 0.2308327812 0.1428883783
303.0438366028 0.3325338386 0.2937450019 0.2308327812 0.1428883783
304.1629686294 0.3325338386 0.2937450019 0.2308327812 0.1428883783
305.5933911924 0.3325338386 0.2937450019 0.2308327812 0.1428883783
306.0655575848 0.3157643673 0.2789316271 0.2191920299 0.1861119757
307.0998205229 0.3157643673 0.2789316271 0.2191920299 0.1861119757
308.0050377188 0.3157643673 0.2789316271 0.2191920299 0.1861119757
309.12314322 0.3122257557 0.2758057814 0.2167356557 0.1952328072
310.0636460693 0.3122257557 0.2758057814 0.2167356557 0.1952328072
311.2197672073 0.3122257557 0.2758057814 0.2167356557 0.1952328072
312.2931103701 0.3122257557 0.2758057814 0.2167356557 0.1952328072
313.0347326351 0.3122257557 0.2758057814 0.2167356557 0.1952328072
314.1894513357 0.3073175018 0.2871902654 0.2133285261 0.1921637067
315.1702907735 0.3073175018 0.2871902654 0.2133285261 0.1921637067
316.2197021274 0.3059680176 0.2859291634 0.2123917637 0.1957110552
317.2094984965 0.3059680176 0.2859291634 0.2123917637 0.1957110552
318.1010276707 0.3059680176 0.2859291634 0.2123917637 0.1957110552
319.0045940967 0.3059680176 0.2859291634 0.2123917637 0.1957110552
320.1043265503 0.3059680176 0.2859291634 0.2123917637 0.1957110552
321.0277631973 0.3011317672 0.281409655 0.2248410082 0.1926175696
322.1314796207 0.3011317672 0.281409655 0.2248410082 0.1926175696
323.4666522517 0.2990115158 0.2794282659 0.2232579156 0.1983023027
324.0798658145 0.2990115158 0.2794282659 0.2232579156 0.1983023027
325.1048766738 0.2990115158 0.2794282659 0.2232579156 0.1983023027
326.0633067793 0.305053707 0.2770197256 0.2213335373 0.1965930301
327.0600135116 0.305053707 0.2770197256 0.2213335373 0.1965930301
328.035603575 0.305053707 0.2770197256 0.2213335373 0.1965930301
329.042767731 0.305053707 0.2770197256 0.2213335373 0.1965930301
330.100817167 0.305053707 0.2770197256 0.2213335373 0.1965930301
331.1100365069 0.305053707 0.2770197256 0.2213335373 0.1965930301
332.1177406889 0.305053707 0.2770197256 0.2213335373 0.1965930301
333.074045611 0.305053707 0.2770197256 0.2213335373 0.1965930301
334.229904615 0.305053707 0.2770197256 0.2213335373 0.1965930301
335.1608872987 0.305053707 0.2770197256 0.2213335373 0.1965930301
336.086104385 0.305053707 0.2770197256 0.2213335373 0.1965930301
337.0311066106 0.305053707 0.2770197256 0.2213335373 0.1965930301
338.0773776378 0.305053707 0.2770197256 0.2213335373 0.1965930301
339.0884700326 0.2935121585 0.2665388282 0.212959498 0.2269895153
340.0165203482 0.2935121585 0.2665388282 0.212959498 0.2269895153
341.1654454349 0.2935121585 0.2665388282 0.212959498 0.2269895153
342.0747196857 0.2935121585 0.2665388282 0.212959498 0.2269895153
343.1903050567 0.2935121585 0.2665388282 0.212959498 0.2269895153
344.0554089241 0.2935121585 0.2665388282 0.212959498 0.2269895153
345.0601676252 0.2935121585 0.2665388282 0.212959498 0.2269895153
346.0403405095 0.2935121585 0.2665388282 0.212959498 0.2269895153
347.255631663 0.2935121585 0.2665388282 0.212959498 0.2269895153
348.0948752678 0.2935121585 0.2665388282 0.212959498 0.2269895153
349.4576462837 0.2935121585 0.2665388282 0.212959498 0.2269895153
350.0518447846 0.2837187237 0.2576453955 0.2058538129 0.2527820678
351.273866536 0.2830326601 0.2594404921 0.2053560354 0.2521708125
352.1191859363 0.2830326601 0.2594404921 0.2053560354 0.2521708125
353.1228319443 0.2818793367 0.2583833039 0.2084049215 0.251332438
354.2130614531 0.2818793367 0.2583833039 0.2084049215 0.251332438
355.1765126164 0.2818793367 0.2583833039 0.2084049215 0.251332438
356.16853269 0.2818793367 0.2583833039 0.2084049215 0.251332438
357.050492705 0.2818793367 0.2583833039 0.2084049215 0.251332438
358.0719908773 0.2776940113 0.254546846 0.2201584718 0.2476006709
359.018664581 0.2776940113 0.254546846 0.2201584718 0.2476006709
360.1190024739 0.2776940113 0.254546846 0.2201584718 0.2476006709
361.2159526901 0.2776940113 0.254546846 0.2201584718 0.2476006709
362.0022614089 0.2776940113 0.254546846 0.2201584718 0.2476006709
363.0035930264 0.2776940113 0.254546846 0.2201584718 0.2476006709
364.3175120394 0.2776940113 0.254546846 0.2201584718 0.2476006709
365.0255113124 0.2776940113 0.254546846 0.2201584718 0.2476006709
366.1100600575 0.2715500824 0.2489150439 0.2374123221 0.2421225516
367.2788671275 0.2715500824 0.2489150439 0.2374123221 0.2421225516
368.1214826281 0.2715500824 0.2489150439 0.2374123221 0.2421225516
369.0201393861 0.2779000499 0.2467452276 0.2353427762 0.2400119462
370.0579992635 0.277194468 0.2475606709 0.2358422998 0.2394025613
371.3401394295 0.2785301378 0.2471032043 0.2354064876 0.2389601702
372.0168908963 0.2785301378 0.2471032043 0.2354064876 0.2389601702
373.1702576489 0.2785301378 0.2471032043 0.2354064876 0.2389601702
374.0234953638 0.2785301378 0.2471032043 0.2354064876 0.2389601702
375.0076225919 0.2785301378 0.2471032043 0.2354064876 0.2389601702
376.08450271 0.2785301378 0.2471032043 0.2354064876 0.2389601702
377.1144092945 0.2785301378 0.2471032043 0.2354064876 0.2389601702
378.0422232568 0.2785301378 0.2471032043 0.2354064876 0.2389601702
379.0009854221 0.2785301378 0.2471032043 0.2354064876 0.2389601702
380.1451306997 0.2785301378 0.2471032043 0.2354064876 0.2389601702
381.0305098976 0.271068295 0.2672733648 0.2290999306 0.2325584097
382.0058924376 0.271068295 0.2672733648 0.2290999306 0.2325584097
383.2379745269 0.271068295 0.2672733648 0.2290999306 0.2325584097
384.2701162214 0.271068295 0.2672733648 0.2290999306 0.2325584097
385.2486173942 0.271068295 0.2672733648 0.2290999306 0.2325584097
386.1716641093 0.271068295 0.2672733648 0.2290999306 0.2325584097
387.5454542125 0.271068295 0.2672733648 0.2290999306 0.2325584097
388.0215433005 0.271068295 0.2672733648 0.2290999306 0.2325584097
389.190169827 0.271068295 0.2672733648 0.2290999306 0.2325584097
390.1764055166 0.2649647116 0.2612552309 0.2464581129 0.2273219446
391.1016030081 0.2639523114 0.2602570043 0.249337311 0.2264533732
392.2002113023 0.2639523114 0.2602570043 0.249337311 0.2264533732
393.3213817787 0.2639523114 0.2602570043 0.249337311 0.2264533732
394.0804420145 0.2639523114 0.2602570043 0.249337311 0.2264533732
395.4072412644 0.2616484372 0.257985384 0.2471610019 0.2332051769
396.2389865405 0.2616484372 0.257985384 0.2471610019 0.2332051769
397.0877078272 0.2616484372 0.257985384 0.2471610019 0.2332051769
398.1616281953 0.2616484372 0.257985384 0.2471610019 0.2332051769
399.0306609854 0.2616484372 0.257985384 0.2471610019 0.2332051769
400.6199756687 0.2616484372 0.257985384 0.2471610019 0.2332051769
401.0560770223 0.2616484372 0.257985384 0.2471610019 0.2332051769
402.2040947723 0.2616484372 0.257985384 0.2471610019 0.2332051769
403.0723071679 0.2616484372 0.257985384 0.2471610019 0.2332051769
404.0279399446 0.2616484372 0.257985384 0.2471610019 0.2332051769
405.0641808213 0.2547910828 0.251224032 0.2668916139 0.2270932713
406.0814269291 0.2547910828 0.251224032 0.2668916139 0.2270932713
407.1142328175 0.2547910828 0.251224032 0.2668916139 0.2270932713
408.029813624 0.2547910828 0.251224032 0.2668916139 0.2270932713
409.0592289096 0.2547910828 0.251224032 0.2668916139 0.2270932713
410.045577937 0.2547910828 0.251224032 0.2668916139 0.2270932713
411.4932397003 0.2510081735 0.247494083 0.2777761492 0.2237215943
412.2464803188 0.2510081735 0.247494083 0.2777761492 0.2237215943
413.0077105299 0.2510081735 0.247494083 0.2777761492 0.2237215943
414.3372556582 0.2492262681 0.2457371242 0.2829032116 0.2221333962
415.0790557751 0.2492262681 0.2457371242 0.2829032116 0.2221333962
416.0190732312 0.2492262681 0.2457371242 0.2829032116 0.2221333962
417.042307064 0.2475416405 0.2440760812 0.280990947 0.2273913313
418.069874086 0.2475416405 0.2440760812 0.280990947 0.2273913313
419.2601835103 0.2475416405 0.2440760812 0.280990947 0.2273913313
420.004517437 0.2475416405 0.2440760812 0.280990947 0.2273913313
421.0665393247 0.2475416405 0.2440760812 0.280990947 0.2273913313
422.112303914 0.2475416405 0.2440760812 0.280990947 0.2273913313
423.1405618113 0.2573520276 0.2408938708 0.2773274487 0.224426653
424.0871278269 0.2564615381 0.2400603298 0.2798280401 0.2236500919
425.0183249228 0.2564615381 0.2400603298 0.2798280401 0.2236500919
426.0273855909 0.2564615381 0.2400603298 0.2798280401 0.2236500919
427.1386779204 0.2564615381 0.2400603298 0.2798280401 0.2236500919
428.2462754973 0.2564615381 0.2400603298 0.2798280401 0.2236500919
429.0567332211 0.2564615381 0.2400603298 0.2798280401 0.2236500919
430.0574842818 0.2531097438 0.2369228892 0.2892402441 0.220727123
431.5039616498 0.2531097438 0.2369228892 0.2892402441 0.220727123
432.0945007529 0.2531097438 0.2369228892 0.2892402441 0.220727123
433.1150340533 0.2531097438 0.2369228892 0.2892402441 0.220727123
434.0134889361 0.2504369012 0.23442098 0.2967458774 0.2183962413
435.0072507506 0.2504369012 0.23442098 0.2967458774 0.2183962413
436.0185348855 0.2504369012 0.23442098 0.2967458774 0.2183962413
437.1447706531 0.2504369012 0.23442098 0.2967458774 0.2183962413
438.1286756147 0.2504369012 0.23442098 0.2967458774 0.2183962413
439.2933624172 0.2504369012 0.23442098 0.2967458774 0.2183962413
440.0927160567 0.2504369012 0.23442098 0.2967458774 0.2183962413
441.4861360186 0.2504369012 0.23442098 0.2967458774 0.2183962413
442.001381111 0.2504369012 0.23442098 0.2967458774 0.2183962413
443.0870584122 0.2504369012 0.23442098 0.2967458774 0.2183962413
444.0791607984 0.2447238863 0.2290733235 0.312788646 0.2134141442
445.1927431641 0.2447238863 0.2290733235 0.312788646 0.2134141442
446.083977005 0.2447238863 0.2290733235 0.312788646 0.2134141442
447.0489990416 0.2447238863 0.2290733235 0.312788646 0.2134141442
448.083888769 0.2447238863 0.2290733235 0.312788646 0.2134141442
449.0970376522 0.2447238863 0.2290733235 0.312788646 0.2134141442
450.038695233 0.2416901929 0.2386300335 0.308911195 0.2107685786
451.193955626 0.2412848591 0.2382298319 0.3083931263 0.2120921827
452.134526424 0.2412848591 0.2382298319 0.3083931263 0.2120921827
453.1300955389 0.2412848591 0.2382298319 0.3083931263 0.2120921827
454.0371891253 0.2412848591 0.2382298319 0.3083931263 0.2120921827
455.1447029633 0.2412848591 0.2382298319 0.3083931263 0.2120921827
456.7574068733 0.2412848591 0.2382298319 0.3083931263 0.2120921827
457.2177433242 0.2412848591 0.2382298319 0.3083931263 0.2120921827
458.1266333573 0.2412848591 0.2382298319 0.3083931263 0.2120921827
459.4937163159 0.2364971423 0.2335027347 0.3221163987 0.2078837242
460.043708925 0.2362760196 0.2332844118 0.3227502138 0.2076893548
461.0731213843 0.235963517 0.232975866 0.322323339 0.208737278
462.0188735632 0.235963517 0.232975866 0.322323339 0.208737278
463.0478597825 0.235963517 0.232975866 0.322323339 0.208737278
464.3977276254 0.235963517 0.232975866 0.322323339 0.208737278
465.0263933641 0.235963517 0.232975866 0.322323339 0.208737278
466.0224879804 0.235963517 0.232975866 0.322323339 0.208737278
467.1314463344 0.235963517 0.232975866 0.322323339 0.208737278
468.1041092055 0.232457395 0.2295141366 0.3175340182 0.2204944502
469.0927673664 0.2319386174 0.2290019276 0.3190570846 0.2200023704
470.0280061938 0.2319386174 0.2290019276 0.3190570846 0.2200023704
471.1434526439 0.2319386174 0.2290019276 0.3190570846 0.2200023704
472.2018406208 0.2319386174 0.2290019276 0.3190570846 0.2200023704
473.0448857955 0.2390292509 0.2268878143 0.316111595 0.2179713398
474.127131376 0.2390292509 0.2268878143 0.316111595 0.2179713398
475.2881128546 0.2390292509 0.2268878143 0.316111595 0.2179713398
476.1229420127 0.2390292509 0.2268878143 0.316111595 0.2179713398
477.0252271752 0.2390292509 0.2268878143 0.316111595 0.2179713398
478.0243638579 0.2390292509 0.2268878143 0.316111595 0.2179713398
479.0072912018 0.2390292509 0.2268878143 0.316111595 0.2179713398
480.1620754763 0.2390292509 0.2268878143 0.316111595 0.2179713398
481.0144815773 0.2390292509 0.2268878143 0.316111595 0.2179713398
482.1727150843 0.2390292509 0.2268878143 0.316111595 0.2179713398
483.0778491069 0.2390292509 0.2268878143 0.316111595 0.2179713398
484.0383598544 0.2390292509 0.2268878143 0.316111595 0.2179713398
485.2545418889 0.2390292509 0.2268878143 0.316111595 0.2179713398
486.0196943965 0.2390292509 0.2268878143 0.316111595 0.2179713398
487.0229165772 0.2390292509 0.2268878143 0.316111595 0.2179713398
488.11172756 0.2390292509 0.2268878143 0.316111595 0.2179713398
489.0629752546 0.2390292509 0.2268878143 0.316111595 0.2179713398
490.4332110554 0.2390292509 0.2268878143 0.316111595 0.2179713398
491.0999482299 0.2390292509 0.2268878143 0.316111595 0.2179713398
492.1548633408 0.2390292509 0.2268878143 0.316111595 0.2179713398
493.2019340203 0.2292994932 0.2176522775 0.3439494786 0.2090987508
494.2993937389 0.2292994932 0.2176522775 0.3439494786 0.2090987508
495.1483647731 0.2285293582 0.2202799036 0.3427942753 0.2083964629
496.104043421 0.2285293582 0.2202799036 0.3427942753 0.2083964629
497.1116261309 0.2285293582 0.2202799036 0.3427942753 0.2083964629
498.0735917332 0.2285293582 0.2202799036 0.3427942753 0.2083964629
499.0671709988 0.2285293582 0.2202799036 0.3427942753 0.2083964629
500.0826798309 0.2285293582 0.2202799036 0.3427942753 0.2083964629
501.0226985291 0.2285293582 0.2202799036 0.3427942753 0.2083964629
502.0545727482 0.2285293582 0.2202799036 0.3427942753 0.2083964629
503.0353306996 0.2285293582 0.2202799036 0.3427942753 0.2083964629
504.0203828987 0.2285293582 0.2202799036 0.3427942753 0.2083964629
505.0240865089 0.2285293582 0.2202799036 0.3427942753 0.2083964629
506.0209331288 0.2285293582 0.2202799036 0.3427942753 0.2083964629
507.0196291077 0.2285293582 0.2202799036 0.3427942753 0.2083964629
508.2604897043 0.2285293582 0.2202799036 0.3427942753 0.2083964629
509.0212419692 0.2220560485 0.2140402675 0.3614102475 0.2024934364
510.0030705192 0.2218121499 0.2138051731 0.3610132871 0.2033693898
511.0016957491 0.2218121499 0.2138051731 0.3610132871 0.2033693898
512.0514643476 0.2210073722 0.2130294463 0.3597034606 0.2062597209
513.1417809724 0.220308357 0.2123556642 0.3617286284 0.2056073505
514.0118226238 0.220308357 0.2123556642 0.3617286284 0.2056073505
515.2069587506 0.220308357 0.2123556642 0.3617286284 0.2056073505
516.0329875289 0.220308357 0.2123556642 0.3617286284 0.2056073505
517.0572441681 0.220308357 0.2123556642 0.3617286284 0.2056073505
518.2683023465 0.220308357 0.2123556642 0.3617286284 0.2056073505
519.0221234927 0.220308357 0.2123556642 0.3617286284 0.2056073505
520.0189180562 0.220308357 0.2123556642 0.3617286284 0.2056073505
521.0679770089 0.220308357 0.2123556642 0.3617286284 0.2056073505
522.0052522741 0.220308357 0.2123556642 0.3617286284 0.2056073505
523.1618450661 0.220308357 0.2123556642 0.3617286284 0.2056073505
524.0040465266 0.220308357 0.2123556642 0.3617286284 0.2056073505
525.0208414683 0.2155954846 0.207812917 0.375382634 0.2012089644
526.0209707644 0.2155954846 0.207812917 0.375382634 0.2012089644
527.0508917143 0.2155954846 0.207812917 0.375382634 0.2012089644
528.2209266445 0.2155954846 0.207812917 0.375382634 0.2012089644
529.1930755087 0.2135944367 0.205884103 0.3725686602 0.2079528001
530.2109396876 0.2133438809 0.2056425918 0.3733046651 0.2077088622
531.0669834734 0.2131047714 0.2054121137 0.3728862764 0.2085968385
532.0513331034 0.2131047714 0.2054121137 0.3728862764 0.2085968385
533.0224190107 0.2131047714 0.2054121137 0.3728862764 0.2085968385
534.0667269092 0.2131047714 0.2054121137 0.3728862764 0.2085968385
535.1834329658 0.2131047714 0.2054121137 0.3728862764 0.2085968385
536.1649245699 0.2131047714 0.2054121137 0.3728862764 0.2085968385
537.3228153503 0.2131047714 0.2054121137 0.3728862764 0.2085968385
538.003539475 0.2131047714 0.2054121137 0.3728862764 0.2085968385
539.0241793428 0.2131047714 0.2054121137 0.3728862764 0.2085968385
540.0913543583 0.2131047714 0.2054121137 0.3728862764 0.2085968385
541.1771028314 0.2131047714 0.2054121137 0.3728862764 0.2085968385
542.0420449541 0.2297691477 0.2010620241 0.3649895234 0.2041793048
543.0861332446 0.2297691477 0.2010620241 0.3649895234 0.2041793048
544.0138269929 0.2297691477 0.2010620241 0.3649895234 0.2041793048
545.0121213223 0.2297691477 0.2010620241 0.3649895234 0.2041793048
546.0679337403 0.2297691477 0.2010620241 0.3649895234 0.2041793048
547.0000816129 0.2297691477 0.2010620241 0.3649895234 0.2041793048
548.0380571457 0.2297691477 0.2010620241 0.3649895234 0.2041793048
549.2239584611 0.2268416101 0.1985002501 0.3730803269 0.2015778129
550.0958381636 0.2268416101 0.1985002501 0.3730803269 0.2015778129
551.059110736 0.2268416101 0.1985002501 0.3730803269 0.2015778129
552.1725618607 0.2268416101 0.1985002501 0.3730803269 0.2015778129
553.0124387613 0.2268416101 0.1985002501 0.3730803269 0.2015778129
554.0352708235 0.2268416101 0.1985002501 0.3730803269 0.2015778129
555.0119282635 0.2268416101 0.1985002501 0.3730803269 0.2015778129
556.1338959594 0.2268416101 0.1985002501 0.3730803269 0.2015778129
557.4280543473 0.2268416101 0.1985002501 0.3730803269 0.2015778129
558.5539754923 0.2268416101 0.1985002501 0.3730803269 0.2015778129
559.3167167553 0.2268416101 0.1985002501 0.3730803269 0.2015778129
560.4112489572 0.2268416101 0.1985002501 0.3730803269 0.2015778129
561.2005683006 0.2268416101 0.1985002501 0.3730803269 0.2015778129
562.3550375205 0.2268416101 0.1985002501 0.3730803269 0.2015778129
563.0148945237 0.2268416101 0.1985002501 0.3730803269 0.2015778129
564.0704842157 0.2268416101 0.1985002501 0.3730803269 0.2015778129
565.0953294429 0.220356143 0.1928250706 0.3910041413 0.195814645
566.1557262378 0.220356143 0.1928250706 0.3910041413 0.195814645
567.2934958594 0.220356143 0.1928250706 0.3910041413 0.195814645
568.0566050824 0.220356143 0.1928250706 0.3910041413 0.195814645
569.5877196708 0.220356143 0.1928250706 0.3910041413 0.195814645
570.1916562895 0.220356143 0.1928250706 0.3910041413 0.195814645
571.0066048021 0.2181395346 0.1908854031 0.3971301576 0.1938449047
572.1092881152 0.2181395346 0.1908854031 0.3971301576 0.1938449047
573.0998573031 0.217270147 0.1901246358 0.3955474089 0.1970578083
574.1879671443 0.217270147 0.1901246358 0.3955474089 0.1970578083
575.0577506889 0.217270147 0.1901246358 0.3955474089 0.1970578083
576.0474713063 0.217270147 0.1901246358 0.3955474089 0.1970578083
577.086274449 0.2157803629 0.1888209839 0.3928352084 0.2025634448
578.0254871544 0.2157803629 0.1888209839 0.3928352084 0.2025634448
579.0293895036 0.214985989 0.1881258582 0.3950704252 0.2018177276
580.0316855471 0.214985989 0.1881258582 0.3950704252 0.2018177276
581.1602581504 0.214985989 0.1881258582 0.3950704252 0.2018177276
582.0661558 0.214985989 0.1881258582 0.3950704252 0.2018177276
583.0157128322 0.214985989 0.1881258582 0.3950704252 0.2018177276
584.0802804723 0.2132244408 0.1947781775 0.3918333045 0.2001640773
585.1764276294 0.2132244408 0.1947781775 0.3918333045 0.2001640773
586.2425880078 0.2132244408 0.1947781775 0.3918333045 0.2001640773
587.2720461446 0.2132244408 0.1947781775 0.3918333045 0.2001640773
588.0373752981 0.2132244408 0.1947781775 0.3918333045 0.2001640773
589.0121944028 0.2194093454 0.1932470109 0.388753072 0.1985905717
590.1454041096 0.2190440446 0.1929252685 0.3897707542 0.1982599327
591.0047596291 0.2186334756 0.1944380228 0.3890401808 0.1978883208
592.1179233564 0.2186334756 0.1944380228 0.3890401808 0.1978883208
593.0120747747 0.2186334756 0.1944380228 0.3890401808 0.1978883208
594.3034255053 0.2176326261 0.1981256846 0.3872592519 0.1969824374
595.0767404789 0.2171137523 0.1976533187 0.3863359588 0.1988969702
596.0478312259 0.2171137523 0.1976533187 0.3863359588 0.1988969702
597.0098134984 0.2171137523 0.1976533187 0.3863359588 0.1988969702
598.0753189435 0.2171137523 0.1976533187 0.3863359588 0.1988969702
599.1016129753 0.2171137523 0.1976533187 0.3863359588 0.1988969702
600.2924867719 0.2171137523 0.1976533187 0.3863359588 0.1988969702
601.1214183751 0.2171137523 0.1976533187 0.3863359588 0.1988969702
602.2796983438 0.214716999 0.2065105513 0.3820711347 0.196701315
603.0791661322 0.2142382064 0.206050058 0.3812191628 0.1984925729
604.0931886577 0.2138281054 0.2075698599 0.380489422 0.1981126126
605.0809464337 0.2138281054 0.2075698599 0.380489422 0.1981126126
606.0467902718 0.2138281054 0.2075698599 0.380489422 0.1981126126
607.075032787 0.2138281054 0.2075698599 0.380489422 0.1981126126
608.0670788325 0.2138281054 0.2075698599 0.380489422 0.1981126126
609.022838789 0.2138281054 0.2075698599 0.380489422 0.1981126126
610.0930201306 0.2116831212 0.2054876544 0.3766726002 0.2061566242
611.0397654187 0.2116831212 0.2054876544 0.3766726002 0.2061566242
612.2347757379 0.210900795 0.204728225 0.3752805154 0.2090904646
613.026800645 0.210900795 0.204728225 0.3752805154 0.2090904646
614.1049344496 0.210900795 0.204728225 0.3752805154 0.2090904646
615.0653589463 0.210900795 0.204728225 0.3752805154 0.2090904646
616.0307700214 0.210900795 0.204728225 0.3752805154 0.2090904646
617.0887780926 0.210900795 0.204728225 0.3752805154 0.2090904646
618.0152678244 0.210900795 0.204728225 0.3752805154 0.2090904646
619.0035486219 0.2184304099 0.2026318593 0.3719883001 0.2069494307
620.1663452231 0.2184304099 0.2026318593 0.3719883001 0.2069494307
621.7151985074 0.2184304099 0.2026318593 0.3719883001 0.2069494307
622.0002279394 0.2184304099 0.2026318593 0.3719883001 0.2069494307
623.0653401602 0.2184304099 0.2026318593 0.3719883001 0.2069494307
624.0143308555 0.2165771495 0.2009126409 0.3688321866 0.213678023
625.1417444437 0.2165771495 0.2009126409 0.3688321866 0.213678023
626.139633293 0.2165771495 0.2009126409 0.3688321866 0.213678023
627.0394155942 0.2165771495 0.2009126409 0.3688321866 0.213678023
628.0203389697 0.2150832593 0.2064245281 0.3662880825 0.2122041302
629.0575150314 0.2150832593 0.2064245281 0.3662880825 0.2122041302
630.1104413666 0.2150832593 0.2064245281 0.3662880825 0.2122041302
631.0501191722 0.2150832593 0.2064245281 0.3662880825 0.2122041302
632.6160652954 0.2140124023 0.2053967812 0.3644644066 0.2161264099
633.0371708204 0.2140124023 0.2053967812 0.3644644066 0.2161264099
634.0236488289 0.2140124023 0.2053967812 0.3644644066 0.2161264099
635.0992654106 0.2129407937 0.2093755395 0.3626394508 0.2150442161
636.0875419431 0.2129407937 0.2093755395 0.3626394508 0.2150442161
637.0454885425 0.2129407937 0.2093755395 0.3626394508 0.2150442161
638.0100271052 0.2120033661 0.2128560992 0.361043006 0.2140975286
639.1727893036 0.2120033661 0.2128560992 0.361043006 0.2140975286
640.0721313422 0.2120033661 0.2128560992 0.361043006 0.2140975286
641.0232980019 0.2107765048 0.2116243031 0.3589536538 0.2186455384
642.0619569819 0.2107765048 0.2116243031 0.3589536538 0.2186455384
